BlockNumber;Time Since Block start in s;EventType;isHit;Scheiben Nummer (in Sequence);MousePosX;MousePosY;Scheiben Pos X;Scheiben Pos Y;Scheiben Velocity;Scheiben Durchmesser;Zeit of Existence;Maximale Existenzzeit;Anzahl an Scheiben aktuell present;Time To Movement Initiation;Cursor Path Error;final Pos Error;maxMovementVelocity in pixel/sec
0;0;instantiate;0;0;0,5217729;0,3645943;0,7669849;0,6898014;0;0;0;2,5;1;0;0;0;0
0;0,8468552;mouse;1;0;0,7566096;0,6923077;0,7669849;0,6898014;0;0,8791988;0,8468552;2,5;1;0,3697672;0,000843972;0,01143101;2,257778
0;2,500353;instantiate;0;1;0,5660964;0,4657534;0,2470532;0,8469373;0;0;0;2,5;2;0;0;0;0
0;3,374362;mouse;1;1;0,2356143;0,833509;0,2470532;0,8469373;0;0,8879989;0,8740091;2,5;1;0,3350296;0,04753536;0,01763994;3,796008
0;5,008036;instantiate;0;2;0,3841369;0,8145416;0,6894488;0,223735;0;0;0;2,5;3;0;0;0;0
0;5,983355;mouse;1;2;0,6990669;0,2223393;0,6894488;0,223735;0;0,9194332;0,9753189;2,5;1;0,3683167;0,01249516;0,009718847;3,952531
0;7,515575;instantiate;0;3;1,68818;0,4320337;0,783771;0,7425446;0;0;0;2,5;4;0;0;0;0
0;8,521219;mouse;1;3;0,7667185;0,7428873;0,783771;0,7425446;0;0,9284513;1,005644;2,5;1;0,2669773;0,02990192;0,01705591;4,455621
0;10,0239;instantiate;0;4;1,118974;0,5353003;0,6288264;0,1295295;0;0;0;2,5;5;0;0;0;0
0;12,52922;destroy;0;4;1,093313;0,5258166;0,6288264;0,1295295;0;0;2,505322;2,5;5;0;0;0;0
0;12,52922;instantiate;0;5;1,093313;0,5258166;0,1594662;0,2084875;0;0;0;2,5;6;0;0;0;0
0;15,04555;destroy;0;5;0,7255055;2,16333;0,1594662;0,2084875;0;0;2,516329;2,5;6;0;0;0;0
0;15,04555;instantiate;0;6;0,7255055;2,16333;0,776638;0,8596849;0;0;0;2,5;7;0;0;0;0
0;17,55458;destroy;0;6;1,024106;2,244468;0,776638;0,8596849;0;0;2,509026;2,5;7;0;0;0;0
0;17,55458;instantiate;0;7;1,024106;2,244468;0,1117185;0,5568713;0;0;0;2,5;8;0;0;0;0
0;20,06923;destroy;0;7;0,5769829;2,177028;0,1117185;0,5568713;0;0;2,514648;2,5;8;0;0;0;0
0;20,06923;instantiate;0;8;0,5769829;2,177028;0,4958358;0,9329143;0;0;0;2,5;9;0;0;0;0
0;22,57769;destroy;0;8;0,5987558;1,804004;0,4958358;0,9234393;0;0;2,508467;2,5;9;0;0;0;0
0;22,57769;instantiate;0;9;0,5987558;1,804004;0,6699622;0,4814638;0;0;0;2,5;10;0;0;0;0
0;25,09089;destroy;0;9;0,9339036;1,61117;0,6699622;0,4814638;0;0;2,513203;2,5;10;0;0;0;0
1;0;instantiate;0;0;0,5;2,157007;0,9122064;0,3607151;0;0;0;2,5;11;0;0;0;0
1;2,505783;destroy;0;0;0,4510109;2,079031;0,9122064;0,3607151;0;0;2,505783;2,5;11;0;0;0;0
1;2,505783;instantiate;0;1;0,4510109;2,079031;0,2144105;0,7292832;0;0;0;2,5;12;0;0;0;0
1;5,018646;destroy;0;1;1,190513;1,758693;0,2144105;0,7292832;0;0;2,512863;2,5;12;0;0;0;0
1;5,018646;instantiate;0;2;1,190513;1,758693;0,4047618;0,4316591;0;0;0;2,5;13;0;0;0;0
1;7,527035;destroy;0;2;1,11353;1,674394;0,4047618;0,4316591;0;0;2,508389;2,5;13;0;0;0;0
1;7,527035;instantiate;0;3;1,11353;1,674394;0,5740832;0,4720513;0;0;0;2,5;14;0;0;0;0
1;10,03068;destroy;0;3;1,133748;1,566913;0,5740832;0,4720513;0;0;2,503647;2,5;14;0;0;0;0
1;10,03068;instantiate;0;4;1,133748;1,566913;0,2560194;0,1830729;0;0;0;2,5;15;0;0;0;0
1;12,53769;destroy;0;4;1,106532;1,354057;0,2560194;0,1830729;0;0;2,507004;2,5;15;0;0;0;0
1;12,53769;instantiate;0;5;1,106532;1,354057;0,7572886;0,2738007;0;0;0;2,5;16;0;0;0;0
1;15,04697;destroy;0;5;1;1,775553;0,7572886;0,2738007;0;0;2,509289;2,5;16;0;0;0;0
1;15,04697;instantiate;0;6;1;1,775553;0,08434963;0,5707433;0;0;0;2,5;17;0;0;0;0
1;17,55304;destroy;0;6;1,00311;1,774499;0,08434963;0,5707433;0;0;2,506065;2,5;17;0;0;0;0
1;17,55304;instantiate;0;7;1,00311;1,774499;0,5770513;0,09681728;0;0;0;2,5;18;0;0;0;0
1;20,05412;destroy;0;7;1,00311;1,774499;0,5770513;0,09681728;0;0;2,501076;2,5;18;0;0;0;0
1;20,05412;instantiate;0;8;1,00311;1,774499;0,2517216;0,4825507;0;0;0;2,5;19;0;0;0;0
1;22,55693;destroy;0;8;2,117418;0,7386723;0,2517216;0,4825507;0;0;2,502819;2,5;19;0;0;0;0
1;22,55693;instantiate;0;9;2,117418;0,7386723;0,3537333;0,7964882;0;0;0;2,5;20;0;0;0;0
1;25,06195;destroy;0;9;2,140747;0,7007376;0,3537333;0,7964882;0;0;2,50502;2,5;20;0;0;0;0
2;0;instantiate;0;0;1,911353;1,060063;0,8633235;0,4149745;0;0;0;2,5;21;0;0;0;0
2;2,508972;destroy;0;0;1,293935;-0,691254;0,8633235;0,4149745;0;0;2,508972;2,5;21;0;0;0;0
2;2,508972;instantiate;0;1;1,293935;-0,691254;0,677039;0,9219007;0;0;0;2,5;22;0;0;0;0
2;5,012337;destroy;0;1;1,934681;-0,5194942;0,677039;0,9219007;0;0;2,503365;2,5;22;0;0;0;0
2;5,012337;instantiate;0;2;1,934681;-0,5194942;0,08497053;0,9353476;0;0;0;2,5;23;0;0;0;0
2;7,521996;destroy;0;2;1,315708;1,421496;0,08497053;0,9234551;0;0;2,509659;2,5;23;0;0;0;0
2;7,521996;instantiate;0;3;1,315708;1,421496;0,1153571;0,5688719;0;0;0;2,5;24;0;0;0;0
2;10,02436;destroy;0;3;0,992224;1,777661;0,1153571;0,5688719;0;0;2,502365;2,5;24;0;0;0;0
2;10,02436;instantiate;0;4;0,992224;1,777661;0,7903609;0,5169443;0;0;0;2,5;25;0;0;0;0
2;12,52612;destroy;0;4;0,992224;1,777661;0,7903609;0,5169443;0;0;2,501755;2,5;25;0;0;0;0
2;12,52612;instantiate;0;5;0,992224;1,777661;0,7828742;0,4669623;0;0;0;2,5;26;0;0;0;0
2;15,02833;destroy;0;5;0,992224;1,777661;0,7828742;0,4669623;0;0;2,502213;2,5;26;0;0;0;0
2;15,02833;instantiate;0;6;0,992224;1,777661;0,3285285;0,8458526;0;0;0;2,5;27;0;0;0;0
2;17,534;destroy;0;6;0,992224;1,777661;0,3285285;0,8458526;0;0;2,505676;2,5;27;0;0;0;0
2;17,534;instantiate;0;7;0,992224;1,777661;0,7291303;0,7201396;0;0;0;2,5;28;0;0;0;0
2;20,036;destroy;0;7;0,9160187;1,710221;0,7291303;0,7201396;0;0;2,501991;2,5;28;0;0;0;0
2;20,036;instantiate;0;8;0,9160187;1,710221;0,5921507;0,8959758;0;0;0;2,5;29;0;0;0;0
2;22,5379;destroy;0;8;1,120529;1,437302;0,5921507;0,8959758;0;0;2,5019;2,5;29;0;0;0;0
2;22,5379;instantiate;0;9;1,120529;1,437302;0,2033126;0,7720565;0;0;0;2,5;30;0;0;0;0
2;25,04688;destroy;0;9;1,089425;1,248683;0,2033126;0,7720565;0;0;2,50898;2,5;30;0;0;0;0
